
#' Complete list of palettes
#'
#' @export
tb_palettes <- list(
  all = c(
    "#FFAA00",
    "#9E5CD2",
    "#B3C4DB",
    "#1B4E94",
    "#0F2B3B",
    "#A8C8F1",
    "#F4CFC8",
    "#DF715B",
    "#FE5401",
    "#D02A09",
    "#D05CA1",
    "#682E50",
    "#351E45",
    "#C9E0D2",
    "#93C1A5",
    "#5EA378",
    "#0A9574",
    "#BABABA"
  )
)

